   3   3   3
   8
   0.000000000000000E+00   0.000000000000000E+00   0.000000000000000E+00
   0.246665870509315E+00   0.306336691164338E-17  -0.596235614806891E+00
   0.720102364785735E-17  -0.244327397239194E+00   0.596235614806891E+00
   0.246665870509315E+00  -0.244327397239194E+00  -0.409171429253364E-16
  -0.246665870509315E+00  -0.244327397239194E+00   0.119247122961378E+01
   0.493331741018631E+00   0.800418889064480E-17  -0.409171429253364E-16
  -0.366372714214079E-16   0.187745506735805E-17   0.119247122961378E+01
  -0.366372714214079E-16   0.488654794478388E+00   0.291880166118428E-16
