   0.7500000000   0.0000000000   0.0000000000          26           0
  1        69      -16.70920854           0.000000000    
  1        70      -16.13445994           0.000000000    
  1        71      -16.23074092           0.000000000    
  1        72      -16.92393993           0.000000000    
  1        73      -16.18112540           0.000000000    
  1        74      -16.45141398           0.000000000    
  1        75      -16.28402113           0.000000000    
  1        76      -16.46778921           0.000000000    
  1        77      -16.43550285           0.000000000    
  1        78      -16.35916432           0.000000000    
  1        79      -16.40318146           0.000000000    
  1        80      -16.00912480           0.000000000    
  1        81      -15.81275377           0.000000000    
  1        82      -15.85013366           0.000000000    
  1        83      -7.747707185           0.000000000    
  1        84      -6.290839957           0.000000000    
  1        85      -6.903576648           0.000000000    
  1        86      -6.408712835           0.000000000    
  1        87      -4.672680185           0.000000000    
  1        88      -4.927848631           0.000000000    
  1        89      -5.701307984           0.000000000    
  1        90      -5.818791188           0.000000000    
  1        91      -5.284936514           0.000000000    
  1        92      -3.879949529           0.000000000    
  1        93      -5.042247400           0.000000000    
  1        94      -5.110700629           0.000000000    
   0.7500000000   0.0000000000   0.2500000000          26           0
  1        69      -16.26729805           0.000000000    
  1        70      -16.42210254           0.000000000    
  1        71      -16.27042310           0.000000000    
  1        72      -16.25082449           0.000000000    
  1        73      -16.24297459           0.000000000    
  1        74      -16.12333240           0.000000000    
  1        75      -16.15273076           0.000000000    
  1        76      -16.51308671           0.000000000    
  1        77      -16.62267662           0.000000000    
  1        78      -16.41714849           0.000000000    
  1        79      -16.46060639           0.000000000    
  1        80      -16.41200473           0.000000000    
  1        81      -15.87359375           0.000000000    
  1        82      -15.77583359           0.000000000    
  1        83      -6.921972525           0.000000000    
  1        84      -6.343554787           0.000000000    
  1        85      -6.971521044           0.000000000    
  1        86      -6.641039526           0.000000000    
  1        87      -5.576992291           0.000000000    
  1        88      -4.902196415           0.000000000    
  1        89      -5.805345698           0.000000000    
  1        90      -5.695386329           0.000000000    
  1        91      -5.705825025           0.000000000    
  1        92      -4.773093608           0.000000000    
  1        93      -3.874126379           0.000000000    
  1        94      -4.010238284           0.000000000    
   0.7500000000   0.0000000000   0.5000000000          26           0
  1        69      -16.39343671           0.000000000    
  1        70      -16.45225651           0.000000000    
  1        71      -16.26566785           0.000000000    
  1        72      -16.25293072           0.000000000    
  1        73      -16.33782983           0.000000000    
  1        74      -16.31503556           0.000000000    
  1        75      -16.15867774           0.000000000    
  1        76      -16.25978993           0.000000000    
  1        77      -16.36598802           0.000000000    
  1        78      -16.51214703           0.000000000    
  1        79      -16.40185036           0.000000000    
  1        80      -16.41273564           0.000000000    
  1        81      -15.78995241           0.000000000    
  1        82      -15.76914729           0.000000000    
  1        83      -6.905455475           0.000000000    
  1        84      -6.928993478           0.000000000    
  1        85      -6.914952060           0.000000000    
  1        86      -6.976615528           0.000000000    
  1        87      -5.894836459           0.000000000    
  1        88      -5.643142648           0.000000000    
  1        89      -5.788349618           0.000000000    
  1        90      -5.919074770           0.000000000    
  1        91      -4.544556449           0.000000000    
  1        92      -4.553821332           0.000000000    
  1        93      -4.750816389           0.000000000    
  1        94      -4.012550638           0.000000000    
   0.7500000000   0.0000000000   0.7500000000          26           0
  1        69      -16.53494805           0.000000000    
  1        70      -16.17377838           0.000000000    
  1        71      -16.30080600           0.000000000    
  1        72      -16.30850137           0.000000000    
  1        73      -16.29909181           0.000000000    
  1        74      -16.20062509           0.000000000    
  1        75      -16.41911723           0.000000000    
  1        76      -16.19447946           0.000000000    
  1        77      -16.44239084           0.000000000    
  1        78      -16.42720612           0.000000000    
  1        79      -16.45408691           0.000000000    
  1        80      -16.44213249           0.000000000    
  1        81      -15.85948034           0.000000000    
  1        82      -15.70972296           0.000000000    
  1        83      -6.973607967           0.000000000    
  1        84      -6.386352496           0.000000000    
  1        85      -6.890426567           0.000000000    
  1        86      -6.732014085           0.000000000    
  1        87      -5.501605204           0.000000000    
  1        88      -5.440806853           0.000000000    
  1        89      -5.646253764           0.000000000    
  1        90      -5.465233562           0.000000000    
  1        91      -5.028907013           0.000000000    
  1        92      -5.131261248           0.000000000    
  1        93      -4.877983248           0.000000000    
  1        94      -4.258285316           0.000000000    
   0.7500000000   0.2500000000   0.0000000000          26           0
  1        69      -16.54050769           0.000000000    
  1        70      -16.26122917           0.000000000    
  1        71      -16.29424012           0.000000000    
  1        72      -16.33530328           0.000000000    
  1        73      -16.34018332           0.000000000    
  1        74      -16.13771731           0.000000000    
  1        75      -16.23354432           0.000000000    
  1        76      -16.42671922           0.000000000    
  1        77      -16.49138639           0.000000000    
  1        78      -16.43498017           0.000000000    
  1        79      -16.45563860           0.000000000    
  1        80      -16.36906000           0.000000000    
  1        81      -15.88280939           0.000000000    
  1        82      -15.75310565           0.000000000    
  1        83      -6.959267376           0.000000000    
  1        84      -6.376496670           0.000000000    
  1        85      -6.826775878           0.000000000    
  1        86      -6.600073983           0.000000000    
  1        87      -5.591517964           0.000000000    
  1        88      -5.676588361           0.000000000    
  1        89      -5.614680913           0.000000000    
  1        90      -5.234952644           0.000000000    
  1        91      -5.543509610           0.000000000    
  1        92      -4.787737535           0.000000000    
  1        93      -4.298280796           0.000000000    
  1        94      -4.029355826           0.000000000    
   0.7500000000   0.2500000000   0.2500000000          26           0
  1        69      -16.87934596           0.000000000    
  1        70      -16.08136844           0.000000000    
  1        71      -16.21190859           0.000000000    
  1        72      -16.80373895           0.000000000    
  1        73      -16.24862456           0.000000000    
  1        74      -16.48929129           0.000000000    
  1        75      -16.30229795           0.000000000    
  1        76      -16.28358010           0.000000000    
  1        77      -16.21660047           0.000000000    
  1        78      -16.46943814           0.000000000    
  1        79      -16.42616276           0.000000000    
  1        80      -16.11741762           0.000000000    
  1        81      -15.81772796           0.000000000    
  1        82      -15.88593045           0.000000000    
  1        83      -7.763760566           0.000000000    
  1        84      -6.290284394           0.000000000    
  1        85      -6.754276483           0.000000000    
  1        86      -6.349913437           0.000000000    
  1        87      -4.730590374           0.000000000    
  1        88      -5.318002056           0.000000000    
  1        89      -5.308457655           0.000000000    
  1        90      -5.893263482           0.000000000    
  1        91      -5.355318022           0.000000000    
  1        92      -4.227267378           0.000000000    
  1        93      -4.850386763           0.000000000    
  1        94      -4.788878717           0.000000000    
   0.7500000000   0.2500000000   0.5000000000          26           0
  1        69      -16.53972462           0.000000000    
  1        70      -16.26044091           0.000000000    
  1        71      -16.29451299           0.000000000    
  1        72      -16.33548288           0.000000000    
  1        73      -16.34016772           0.000000000    
  1        74      -16.13779465           0.000000000    
  1        75      -16.23296596           0.000000000    
  1        76      -16.42701310           0.000000000    
  1        77      -16.49140912           0.000000000    
  1        78      -16.43552973           0.000000000    
  1        79      -16.45489030           0.000000000    
  1        80      -16.36865361           0.000000000    
  1        81      -15.88295694           0.000000000    
  1        82      -15.75293217           0.000000000    
  1        83      -6.959377869           0.000000000    
  1        84      -6.376324574           0.000000000    
  1        85      -6.826913800           0.000000000    
  1        86      -6.600100352           0.000000000    
  1        87      -5.591654696           0.000000000    
  1        88      -5.678026377           0.000000000    
  1        89      -5.614575767           0.000000000    
  1        90      -5.234312718           0.000000000    
  1        91      -5.545147784           0.000000000    
  1        92      -4.787817560           0.000000000    
  1        93      -4.297552651           0.000000000    
  1        94      -4.029268676           0.000000000    
   0.7500000000   0.2500000000   0.7500000000          26           0
  1        69      -16.39218503           0.000000000    
  1        70      -16.39765200           0.000000000    
  1        71      -16.25832908           0.000000000    
  1        72      -16.23083977           0.000000000    
  1        73      -16.36461301           0.000000000    
  1        74      -16.38027878           0.000000000    
  1        75      -16.14740256           0.000000000    
  1        76      -16.12539556           0.000000000    
  1        77      -16.53721814           0.000000000    
  1        78      -16.56326913           0.000000000    
  1        79      -16.36894321           0.000000000    
  1        80      -16.33724682           0.000000000    
  1        81      -15.78818356           0.000000000    
  1        82      -15.77158352           0.000000000    
  1        83      -6.927943727           0.000000000    
  1        84      -6.934373699           0.000000000    
  1        85      -6.902281254           0.000000000    
  1        86      -6.885376717           0.000000000    
  1        87      -5.991809061           0.000000000    
  1        88      -5.981505934           0.000000000    
  1        89      -5.790932896           0.000000000    
  1        90      -5.681277335           0.000000000    
  1        91      -4.470439361           0.000000000    
  1        92      -4.480529722           0.000000000    
  1        93      -4.570831238           0.000000000    
  1        94      -4.563279895           0.000000000    
   0.7500000000   0.5000000000   0.0000000000          26           0
  1        69      -16.39347627           0.000000000    
  1        70      -16.45274364           0.000000000    
  1        71      -16.26504273           0.000000000    
  1        72      -16.25372780           0.000000000    
  1        73      -16.33765817           0.000000000    
  1        74      -16.31481030           0.000000000    
  1        75      -16.15857240           0.000000000    
  1        76      -16.25876321           0.000000000    
  1        77      -16.36700338           0.000000000    
  1        78      -16.51182756           0.000000000    
  1        79      -16.40170095           0.000000000    
  1        80      -16.41316399           0.000000000    
  1        81      -15.79008177           0.000000000    
  1        82      -15.76912727           0.000000000    
  1        83      -6.903919968           0.000000000    
  1        84      -6.930169912           0.000000000    
  1        85      -6.914324860           0.000000000    
  1        86      -6.976975417           0.000000000    
  1        87      -5.895810937           0.000000000    
  1        88      -5.641075465           0.000000000    
  1        89      -5.788364415           0.000000000    
  1        90      -5.925707532           0.000000000    
  1        91      -4.545396061           0.000000000    
  1        92      -4.553303754           0.000000000    
  1        93      -4.744854525           0.000000000    
  1        94      -4.006545052           0.000000000    
   0.7500000000   0.5000000000   0.2500000000          26           0
  1        69      -16.64283492           0.000000000    
  1        70      -16.19876690           0.000000000    
  1        71      -16.33172448           0.000000000    
  1        72      -16.31832907           0.000000000    
  1        73      -16.34672924           0.000000000    
  1        74      -16.35851036           0.000000000    
  1        75      -16.15081721           0.000000000    
  1        76      -16.17343840           0.000000000    
  1        77      -16.35555308           0.000000000    
  1        78      -16.45225701           0.000000000    
  1        79      -16.44900926           0.000000000    
  1        80      -16.48214896           0.000000000    
  1        81      -15.84390629           0.000000000    
  1        82      -15.77901975           0.000000000    
  1        83      -6.969293088           0.000000000    
  1        84      -6.380573361           0.000000000    
  1        85      -6.819741652           0.000000000    
  1        86      -6.807020592           0.000000000    
  1        87      -5.713223187           0.000000000    
  1        88      -5.424243796           0.000000000    
  1        89      -5.393233402           0.000000000    
  1        90      -6.136362243           0.000000000    
  1        91      -4.922836790           0.000000000    
  1        92      -4.129200734           0.000000000    
  1        93      -4.458714322           0.000000000    
  1        94      -4.340594323           0.000000000    
   0.7500000000   0.5000000000   0.5000000000          26           0
  1        69      -16.14294527           0.000000000    
  1        70      -16.70279064           0.000000000    
  1        71      -16.70496631           0.000000000    
  1        72      -16.23867019           0.000000000    
  1        73      -16.24594519           0.000000000    
  1        74      -16.33875256           0.000000000    
  1        75      -16.07121346           0.000000000    
  1        76      -16.34113649           0.000000000    
  1        77      -16.29497330           0.000000000    
  1        78      -16.27471127           0.000000000    
  1        79      -16.58442574           0.000000000    
  1        80      -16.19478780           0.000000000    
  1        81      -15.81362606           0.000000000    
  1        82      -15.81529017           0.000000000    
  1        83      -7.773086676           0.000000000    
  1        84      -6.313913755           0.000000000    
  1        85      -6.748122247           0.000000000    
  1        86      -6.528452482           0.000000000    
  1        87      -5.223250342           0.000000000    
  1        88      -5.033843067           0.000000000    
  1        89      -5.684035432           0.000000000    
  1        90      -5.045204012           0.000000000    
  1        91      -5.352096018           0.000000000    
  1        92      -4.971012390           0.000000000    
  1        93      -4.455440320           0.000000000    
  1        94      -5.202979719           0.000000000    
   0.7500000000   0.5000000000   0.7500000000          26           0
  1        69      -16.53397365           0.000000000    
  1        70      -16.17470571           0.000000000    
  1        71      -16.30103195           0.000000000    
  1        72      -16.30837524           0.000000000    
  1        73      -16.29896800           0.000000000    
  1        74      -16.20154005           0.000000000    
  1        75      -16.42096823           0.000000000    
  1        76      -16.19188292           0.000000000    
  1        77      -16.44197159           0.000000000    
  1        78      -16.42616596           0.000000000    
  1        79      -16.45423356           0.000000000    
  1        80      -16.44269808           0.000000000    
  1        81      -15.85939926           0.000000000    
  1        82      -15.70979306           0.000000000    
  1        83      -6.973732292           0.000000000    
  1        84      -6.385824053           0.000000000    
  1        85      -6.889822495           0.000000000    
  1        86      -6.733072743           0.000000000    
  1        87      -5.501792264           0.000000000    
  1        88      -5.440409343           0.000000000    
  1        89      -5.647230191           0.000000000    
  1        90      -5.467771746           0.000000000    
  1        91      -5.025737117           0.000000000    
  1        92      -5.131975441           0.000000000    
  1        93      -4.870737472           0.000000000    
  1        94      -4.260231871           0.000000000    
   0.7500000000   0.7500000000   0.0000000000          26           0
  1        69      -16.15989234           0.000000000    
  1        70      -16.57952770           0.000000000    
  1        71      -16.26818215           0.000000000    
  1        72      -16.25627987           0.000000000    
  1        73      -16.18081786           0.000000000    
  1        74      -16.16855738           0.000000000    
  1        75      -16.26522585           0.000000000    
  1        76      -16.51398780           0.000000000    
  1        77      -16.40485588           0.000000000    
  1        78      -16.44947047           0.000000000    
  1        79      -16.45768388           0.000000000    
  1        80      -16.49143197           0.000000000    
  1        81      -15.83088209           0.000000000    
  1        82      -15.74328182           0.000000000    
  1        83      -6.936235533           0.000000000    
  1        84      -6.354539615           0.000000000    
  1        85      -7.027786582           0.000000000    
  1        86      -6.813817409           0.000000000    
  1        87      -5.309103309           0.000000000    
  1        88      -4.970738679           0.000000000    
  1        89      -5.494813451           0.000000000    
  1        90      -6.268874012           0.000000000    
  1        91      -5.317769893           0.000000000    
  1        92      -4.986656740           0.000000000    
  1        93      -4.078005391           0.000000000    
  1        94      -3.784782359           0.000000000    
   0.7500000000   0.7500000000   0.2500000000          26           0
  1        69      -16.44836132           0.000000000    
  1        70      -16.49846287           0.000000000    
  1        71      -16.18009551           0.000000000    
  1        72      -16.26435592           0.000000000    
  1        73      -16.30806967           0.000000000    
  1        74      -16.28280687           0.000000000    
  1        75      -16.23864966           0.000000000    
  1        76      -16.38484530           0.000000000    
  1        77      -16.18148563           0.000000000    
  1        78      -16.46200012           0.000000000    
  1        79      -16.40657247           0.000000000    
  1        80      -16.47259143           0.000000000    
  1        81      -15.80089460           0.000000000    
  1        82      -15.76347798           0.000000000    
  1        83      -6.884252238           0.000000000    
  1        84      -6.925059698           0.000000000    
  1        85      -6.964653102           0.000000000    
  1        86      -7.039474794           0.000000000    
  1        87      -5.841245137           0.000000000    
  1        88      -5.373988417           0.000000000    
  1        89      -5.872348195           0.000000000    
  1        90      -6.229650126           0.000000000    
  1        91      -4.466485260           0.000000000    
  1        92      -4.695279645           0.000000000    
  1        93      -3.943802980           0.000000000    
  1        94      -4.368685814           0.000000000    
   0.7500000000   0.7500000000   0.5000000000          26           0
  1        69      -16.65443323           0.000000000    
  1        70      -16.14457470           0.000000000    
  1        71      -16.29195162           0.000000000    
  1        72      -16.31149476           0.000000000    
  1        73      -16.24677130           0.000000000    
  1        74      -16.41252564           0.000000000    
  1        75      -16.18497388           0.000000000    
  1        76      -16.18345310           0.000000000    
  1        77      -16.33769723           0.000000000    
  1        78      -16.40857898           0.000000000    
  1        79      -16.44874217           0.000000000    
  1        80      -16.52166247           0.000000000    
  1        81      -15.83167325           0.000000000    
  1        82      -15.72775221           0.000000000    
  1        83      -6.984184645           0.000000000    
  1        84      -6.389210028           0.000000000    
  1        85      -6.894097602           0.000000000    
  1        86      -6.974351451           0.000000000    
  1        87      -5.508350722           0.000000000    
  1        88      -5.379083621           0.000000000    
  1        89      -5.054810269           0.000000000    
  1        90      -6.230253170           0.000000000    
  1        91      -4.495370324           0.000000000    
  1        92      -5.547947784           0.000000000    
  1        93      -3.810254822           0.000000000    
  1        94      -5.076614219           0.000000000    
   0.7500000000   0.7500000000   0.7500000000          26           0
  1        69      -16.61427469           0.000000000    
  1        70      -16.18847531           0.000000000    
  1        71      -16.95248325           0.000000000    
  1        72      -16.25619449           0.000000000    
  1        73      -16.08440592           0.000000000    
  1        74      -16.48421213           0.000000000    
  1        75      -16.08727772           0.000000000    
  1        76      -16.30591055           0.000000000    
  1        77      -16.41156425           0.000000000    
  1        78      -16.36603330           0.000000000    
  1        79      -16.49627551           0.000000000    
  1        80      -16.11651335           0.000000000    
  1        81      -15.81731862           0.000000000    
  1        82      -15.77325309           0.000000000    
  1        83      -7.756990278           0.000000000    
  1        84      -6.308637901           0.000000000    
  1        85      -6.861762888           0.000000000    
  1        86      -6.818383936           0.000000000    
  1        87      -5.045444417           0.000000000    
  1        88      -4.632607032           0.000000000    
  1        89      -5.182029175           0.000000000    
  1        90      -6.080435756           0.000000000    
  1        91      -4.982714021           0.000000000    
  1        92      -4.144637601           0.000000000    
  1        93      -5.919234613           0.000000000    
  1        94      -4.803064884           0.000000000    
