# k =   0.500000   0.750000   0.250000 spin = 1
# <ib|Sigma_CH[1..Nb]|ib> (eV), partial and symmetrized sum with up to Nb "inner" bands
# Reporting only VBM and CBM, use 'full_ch_conv_log 1' keyword for full report.
# 1/N extrap for CH(vbm) CH(cbm) diff =  -7.39484624E+00  -6.90922530E+00   4.85620938E-01
# Error est. for CH(vbm) CH(cbm) diff =   9.42188518E-01   7.50443808E-01  -1.91744709E-01
#    Nb          CH(vbm)          CH(cbm)             diff
      1  -8.09497925E-04  -2.26288045E-03  -1.45338252E-03
      2  -1.60040202E-03  -4.54806095E-03  -2.94765892E-03
      3  -2.50966539E-03  -6.89989012E-03  -4.39022472E-03
      4  -3.37508903E-03  -9.23519714E-03  -5.86010812E-03
      5  -5.49361444E-02  -5.45925574E-02   3.43586960E-04
      6  -6.58556012E-02  -1.28627470E-01  -6.27718685E-02
      7  -7.14548517E-02  -3.20473153E-01  -2.49018301E-01
      8  -7.91506927E-02  -3.55453091E-01  -2.76302398E-01
      9  -8.14865043E-02  -5.73481086E-01  -4.91994582E-01
     10  -8.48334143E-02  -7.12761421E-01  -6.27928006E-01
     11  -8.98101203E-02  -7.19097832E-01  -6.29287712E-01
     12  -9.68022412E-02  -7.56694369E-01  -6.59892128E-01
     13  -9.78174742E-02  -7.61442479E-01  -6.63625004E-01
     14  -1.10354848E-01  -7.74743749E-01  -6.64388901E-01
     15  -1.11656380E-01  -7.77325302E-01  -6.65668922E-01
     16  -1.12778185E-01  -7.79887357E-01  -6.67109173E-01
     17  -2.20973507E-01  -8.75307967E-01  -6.54334460E-01
     18  -2.82853171E-01  -9.90957757E-01  -7.08104586E-01
     19  -3.11577858E-01  -9.99057275E-01  -6.87479417E-01
     20  -3.73038362E-01  -1.00288971E+00  -6.29851349E-01
     21  -4.14922110E-01  -1.01778148E+00  -6.02859374E-01
     22  -4.80891356E-01  -1.04005697E+00  -5.59165615E-01
     23  -5.41340299E-01  -1.07680194E+00  -5.35461639E-01
     24  -9.42493681E-01  -1.09486649E+00  -1.52372809E-01
     25  -1.00185339E+00  -1.10060871E+00  -9.87553243E-02
     26  -1.03035283E+00  -1.10430941E+00  -7.39565852E-02
     27  -1.03943326E+00  -1.10716192E+00  -6.77286613E-02
     28  -1.04410647E+00  -1.10959886E+00  -6.54923811E-02
     29  -1.04538497E+00  -1.11351264E+00  -6.81276676E-02
     30  -1.04674594E+00  -1.11728418E+00  -7.05382338E-02
     31  -1.04947944E+00  -1.11985165E+00  -7.03722153E-02
     32  -1.05207533E+00  -1.12196963E+00  -6.98942930E-02
     33  -1.05534398E+00  -1.12467800E+00  -6.93340191E-02
     34  -1.05833755E+00  -1.12683523E+00  -6.84976839E-02
     35  -1.06021422E+00  -1.12890334E+00  -6.86891236E-02
     36  -1.06150050E+00  -1.13016956E+00  -6.86690625E-02
     37  -1.11120054E+00  -1.22409938E+00  -1.12898846E-01
     38  -1.13956470E+00  -1.27300532E+00  -1.33440621E-01
     39  -1.20195357E+00  -1.39714972E+00  -1.95196149E-01
     40  -1.31001198E+00  -1.61664496E+00  -3.06632981E-01
     41  -1.33719868E+00  -1.68431730E+00  -3.47118623E-01
     42  -1.35051514E+00  -1.71836391E+00  -3.67848767E-01
     43  -1.35316575E+00  -1.72304862E+00  -3.69882868E-01
     44  -1.35433134E+00  -1.72533836E+00  -3.71007025E-01
     45  -1.35738727E+00  -1.72813390E+00  -3.70746624E-01
     46  -1.35972358E+00  -1.73087090E+00  -3.71147324E-01
     47  -1.36843085E+00  -1.73466084E+00  -3.66229985E-01
     48  -1.37326713E+00  -1.73816466E+00  -3.64897529E-01
     49  -1.37702054E+00  -1.74093507E+00  -3.63914533E-01
     50  -1.38197274E+00  -1.74380178E+00  -3.61829042E-01
     51  -1.38743865E+00  -1.74613163E+00  -3.58692982E-01
     52  -1.39375846E+00  -1.74804039E+00  -3.54281928E-01
     53  -1.39810623E+00  -1.74943801E+00  -3.51331778E-01
     54  -1.40353974E+00  -1.75063148E+00  -3.47091744E-01
     55  -1.40839718E+00  -1.75691552E+00  -3.48518344E-01
     56  -1.41111309E+00  -1.76149473E+00  -3.50381643E-01
     57  -1.41384577E+00  -1.76376816E+00  -3.49922392E-01
     58  -1.41616689E+00  -1.76618796E+00  -3.50021072E-01
     59  -1.46078086E+00  -1.87792177E+00  -4.17140905E-01
     60  -1.63034734E+00  -1.91365664E+00  -2.83309293E-01
     61  -1.84487465E+00  -1.99496113E+00  -1.50086484E-01
     62  -2.06405864E+00  -2.06322761E+00   8.31028731E-04
     63  -2.11434875E+00  -2.08741965E+00   2.69291020E-02
     64  -2.14710023E+00  -2.13096175E+00   1.61384811E-02
     65  -2.16764572E+00  -2.14556812E+00   2.20776008E-02
     66  -2.18561439E+00  -2.16029335E+00   2.53210430E-02
     67  -2.19529558E+00  -2.18434462E+00   1.09509608E-02
     68  -2.22137785E+00  -2.20598478E+00   1.53930656E-02
     69  -2.23906690E+00  -2.21766972E+00   2.13971790E-02
     70  -2.30090077E+00  -2.23401366E+00   6.68871030E-02
     71  -2.36315895E+00  -2.24697717E+00   1.16181778E-01
     72  -2.49924282E+00  -2.25810362E+00   2.41139193E-01
     73  -2.56582621E+00  -2.26427091E+00   3.01555297E-01
     74  -2.59763380E+00  -2.30391260E+00   2.93721200E-01
     75  -2.62681246E+00  -2.36393175E+00   2.62880706E-01
     76  -2.65711692E+00  -2.37560546E+00   2.81511462E-01
     77  -2.68547856E+00  -2.38245510E+00   3.03023469E-01
     78  -2.71930073E+00  -2.40627895E+00   3.13021787E-01
     79  -2.75726243E+00  -2.47111432E+00   2.86148110E-01
     80  -2.79127195E+00  -2.51892863E+00   2.72343322E-01
     81  -3.27978319E+00  -2.58136209E+00   6.98421106E-01
     82  -4.68234283E+00  -2.65709615E+00   2.02524669E+00
     83  -4.73647829E+00  -4.16840643E+00   5.68071861E-01
     84  -4.80146520E+00  -4.65244205E+00   1.49023152E-01
     85  -4.85577863E+00  -4.67896791E+00   1.76810725E-01
     86  -4.89073443E+00  -4.70151454E+00   1.89219886E-01
     87  -4.91167894E+00  -4.72498007E+00   1.86698874E-01
     88  -4.94347768E+00  -4.75919184E+00   1.84285838E-01
     89  -4.96529983E+00  -4.77267873E+00   1.92621103E-01
     90  -4.99206261E+00  -4.78923127E+00   2.02831334E-01
     91  -5.01481957E+00  -4.81222643E+00   2.02593140E-01
     92  -5.02675086E+00  -4.82936994E+00   1.97380920E-01
     93  -5.04291631E+00  -4.84671963E+00   1.96196677E-01
     94  -5.05653630E+00  -4.86443546E+00   1.92100846E-01
     95  -5.06988382E+00  -4.87974989E+00   1.90133923E-01
     96  -5.08325572E+00  -4.90035033E+00   1.82905395E-01
     97  -5.10158702E+00  -4.91311192E+00   1.88475099E-01
     98  -5.11697574E+00  -4.92497450E+00   1.92001239E-01
     99  -5.12876259E+00  -4.93254880E+00   1.96213789E-01
    100  -5.14242099E+00  -4.94215625E+00   2.00264740E-01
    101  -5.16138868E+00  -4.95278949E+00   2.08599192E-01
    102  -5.17425119E+00  -4.96391758E+00   2.10333607E-01
    103  -5.18634549E+00  -4.97357743E+00   2.12768050E-01
    104  -5.19890742E+00  -4.98206894E+00   2.16838477E-01
    105  -5.20942405E+00  -4.99067112E+00   2.18752933E-01
    106  -5.22038548E+00  -4.99928774E+00   2.21097746E-01
    107  -5.23335857E+00  -5.01000308E+00   2.23355499E-01
    108  -5.24770801E+00  -5.01881154E+00   2.28896470E-01
    109  -5.26290664E+00  -5.02648151E+00   2.36425135E-01
    110  -5.27984811E+00  -5.03362689E+00   2.46221219E-01
    111  -5.29732643E+00  -5.04121718E+00   2.56109250E-01
    112  -5.30891707E+00  -5.04782096E+00   2.61096112E-01
    113  -5.31745627E+00  -5.05416414E+00   2.63292134E-01
    114  -5.32627830E+00  -5.06173486E+00   2.64543443E-01
    115  -5.33528694E+00  -5.06986827E+00   2.65418673E-01
    116  -5.34429298E+00  -5.07645321E+00   2.67839776E-01
    117  -5.35269164E+00  -5.08467232E+00   2.68019326E-01
    118  -5.36083640E+00  -5.09413155E+00   2.66704853E-01
    119  -5.36819783E+00  -5.10132101E+00   2.66876826E-01
    120  -5.37519793E+00  -5.11148500E+00   2.63712931E-01
    121  -5.38203924E+00  -5.12065501E+00   2.61384230E-01
    122  -5.38722718E+00  -5.12695536E+00   2.60271817E-01
    123  -5.39238128E+00  -5.13398494E+00   2.58396341E-01
    124  -5.39782167E+00  -5.14067040E+00   2.57151266E-01
    125  -5.40143306E+00  -5.14624669E+00   2.55186364E-01
    126  -5.40691186E+00  -5.15360778E+00   2.53304084E-01
    127  -5.41176615E+00  -5.15867407E+00   2.53092081E-01
    128  -5.41887187E+00  -5.16851070E+00   2.50361165E-01
    129  -5.42421878E+00  -5.17606650E+00   2.48152282E-01
    130  -5.42981430E+00  -5.18261607E+00   2.47198232E-01
    131  -5.43641830E+00  -5.19231383E+00   2.44104471E-01
    132  -5.44209839E+00  -5.20010780E+00   2.41990592E-01
    133  -5.44977441E+00  -5.21396048E+00   2.35813933E-01
    134  -5.45726932E+00  -5.22208445E+00   2.35184873E-01
    135  -5.46381585E+00  -5.22951685E+00   2.34299000E-01
    136  -5.47128692E+00  -5.24137519E+00   2.29911734E-01
    137  -5.47879104E+00  -5.25031630E+00   2.28474740E-01
    138  -5.48647271E+00  -5.26398606E+00   2.22486653E-01
    139  -5.49417937E+00  -5.27548061E+00   2.18698761E-01
    140  -5.50367598E+00  -5.28710426E+00   2.16571725E-01
    141  -5.51328126E+00  -5.29759519E+00   2.15686068E-01
    142  -5.52084506E+00  -5.30625324E+00   2.14591818E-01
    143  -5.52939709E+00  -5.31805025E+00   2.11346837E-01
    144  -5.53933515E+00  -5.32999587E+00   2.09339273E-01
    145  -5.54747471E+00  -5.34142394E+00   2.06050765E-01
    146  -5.55585500E+00  -5.35158883E+00   2.04266169E-01
    147  -5.56318844E+00  -5.36226003E+00   2.00928408E-01
    148  -5.57074685E+00  -5.37440997E+00   1.96336886E-01
    149  -5.57927511E+00  -5.38378157E+00   1.95493536E-01
    150  -5.58725549E+00  -5.39013922E+00   1.97116274E-01
    151  -5.59645570E+00  -5.39822965E+00   1.98226050E-01
    152  -5.60521452E+00  -5.40828987E+00   1.96924657E-01
    153  -5.61421377E+00  -5.41918779E+00   1.95025986E-01
    154  -5.62320709E+00  -5.43021745E+00   1.92989635E-01
    155  -5.63166736E+00  -5.43813612E+00   1.93531243E-01
    156  -5.64100995E+00  -5.44623090E+00   1.94779050E-01
    157  -5.65061691E+00  -5.45655550E+00   1.94061407E-01
    158  -5.65892847E+00  -5.46381437E+00   1.95114106E-01
    159  -5.66672454E+00  -5.47319829E+00   1.93526248E-01
    160  -5.67746175E+00  -5.48408249E+00   1.93379261E-01
    161  -5.68436174E+00  -5.49420456E+00   1.90157171E-01
    162  -5.69147812E+00  -5.50665642E+00   1.84821705E-01
    163  -5.69951285E+00  -5.51546406E+00   1.84048787E-01
    164  -5.70729579E+00  -5.52305177E+00   1.84244018E-01
    165  -5.71501045E+00  -5.53027918E+00   1.84731272E-01
    166  -5.72295314E+00  -5.53937607E+00   1.83577071E-01
    167  -5.73047615E+00  -5.54844013E+00   1.82036027E-01
    168  -5.73759245E+00  -5.55596737E+00   1.81625085E-01
    169  -5.74514831E+00  -5.56359271E+00   1.81555595E-01
    170  -5.75301324E+00  -5.57056594E+00   1.82447304E-01
    171  -5.76164542E+00  -5.57607491E+00   1.85570513E-01
    172  -5.77021266E+00  -5.58470745E+00   1.85505215E-01
    173  -5.77770294E+00  -5.59127056E+00   1.86432376E-01
    174  -5.78626385E+00  -5.59662659E+00   1.89637264E-01
    175  -5.79382818E+00  -5.60399800E+00   1.89830172E-01
    176  -5.80269925E+00  -5.61108384E+00   1.91615407E-01
    177  -5.81076453E+00  -5.61722110E+00   1.93543430E-01
    178  -5.81773135E+00  -5.62349377E+00   1.94237586E-01
    179  -5.82525712E+00  -5.62939932E+00   1.95857802E-01
    180  -5.83196802E+00  -5.63471878E+00   1.97249241E-01
    181  -5.84053075E+00  -5.64224947E+00   1.98281281E-01
    182  -5.84848945E+00  -5.64859170E+00   1.99897751E-01
    183  -5.85583249E+00  -5.65702833E+00   1.98804161E-01
    184  -5.86346761E+00  -5.66252551E+00   2.00942100E-01
    185  -5.87198129E+00  -5.66890240E+00   2.03078884E-01
    186  -5.87913208E+00  -5.67493809E+00   2.04193987E-01
    187  -5.88619996E+00  -5.68101572E+00   2.05184237E-01
    188  -5.89278150E+00  -5.68591447E+00   2.06867031E-01
    189  -5.90009537E+00  -5.69220119E+00   2.07894175E-01
    190  -5.90777320E+00  -5.69958388E+00   2.08189320E-01
    191  -5.91500184E+00  -5.70562212E+00   2.09379723E-01
    192  -5.92317371E+00  -5.71097884E+00   2.12194878E-01
    193  -5.92993126E+00  -5.71739954E+00   2.12531718E-01
    194  -5.93788640E+00  -5.72403195E+00   2.13854451E-01
    195  -5.94479434E+00  -5.72902832E+00   2.15766023E-01
    196  -5.95314577E+00  -5.73423760E+00   2.18908168E-01
    197  -5.96095289E+00  -5.74020786E+00   2.20745024E-01
    198  -5.97131325E+00  -5.74690791E+00   2.24405346E-01
    199  -5.97934259E+00  -5.75323446E+00   2.26108124E-01
    200  -5.98615741E+00  -5.75864712E+00   2.27510284E-01
    201  -5.99472521E+00  -5.76553319E+00   2.29192023E-01
    202  -6.00353545E+00  -5.77189901E+00   2.31636438E-01
    203  -6.01182329E+00  -5.77943651E+00   2.32386776E-01
    204  -6.01797308E+00  -5.78550239E+00   2.32470691E-01
    205  -6.02482711E+00  -5.79071085E+00   2.34116268E-01
    206  -6.03300204E+00  -5.79660889E+00   2.36393150E-01
    207  -6.03917452E+00  -5.80180057E+00   2.37373959E-01
    208  -6.04520820E+00  -5.80684510E+00   2.38363093E-01
    209  -6.05170094E+00  -5.81247911E+00   2.39221834E-01
    210  -6.05740134E+00  -5.81731872E+00   2.40082625E-01
    211  -6.06302219E+00  -5.82279452E+00   2.40227665E-01
    212  -6.07010505E+00  -5.82845198E+00   2.41653064E-01
    213  -6.07584392E+00  -5.83343831E+00   2.42405605E-01
    214  -6.08206789E+00  -5.83908353E+00   2.42984356E-01
    215  -6.08802740E+00  -5.84335736E+00   2.44670042E-01
    216  -6.09388325E+00  -5.84785534E+00   2.46027902E-01
    217  -6.10182393E+00  -5.85341530E+00   2.48408628E-01
    218  -6.10758141E+00  -5.85896587E+00   2.48615540E-01
    219  -6.11371823E+00  -5.86369158E+00   2.50026646E-01
    220  -6.11894306E+00  -5.86794059E+00   2.51002473E-01
    221  -6.12418107E+00  -5.87285621E+00   2.51324862E-01
    222  -6.12911831E+00  -5.87694411E+00   2.52174193E-01
    223  -6.13491643E+00  -5.88143652E+00   2.53479915E-01
    224  -6.14062541E+00  -5.88610031E+00   2.54525100E-01
    225  -6.14603156E+00  -5.89057648E+00   2.55455079E-01
    226  -6.15146277E+00  -5.89474970E+00   2.56713064E-01
    227  -6.15718489E+00  -5.89939924E+00   2.57785648E-01
    228  -6.16225055E+00  -5.90431584E+00   2.57934712E-01
    229  -6.16710596E+00  -5.90861568E+00   2.58490281E-01
    230  -6.17214458E+00  -5.91341804E+00   2.58726546E-01
    231  -6.17768320E+00  -5.91828127E+00   2.59401923E-01
    232  -6.18221439E+00  -5.92218695E+00   2.60027441E-01
    233  -6.18774889E+00  -5.92677359E+00   2.60975298E-01
    234  -6.19279143E+00  -5.93176294E+00   2.61028498E-01
    235  -6.19791776E+00  -5.93559883E+00   2.62318936E-01
    236  -6.20307990E+00  -5.93976388E+00   2.63316023E-01
    237  -6.20693698E+00  -5.94384606E+00   2.63090922E-01
    238  -6.21186621E+00  -5.94806786E+00   2.63798349E-01
    239  -6.21622047E+00  -5.95228598E+00   2.63934483E-01
    240  -6.22172335E+00  -5.95645288E+00   2.65270467E-01
    241  -6.22616473E+00  -5.95982940E+00   2.66335330E-01
    242  -6.23036304E+00  -5.96391899E+00   2.66444049E-01
    243  -6.23480563E+00  -5.96871070E+00   2.66094931E-01
    244  -6.24054346E+00  -5.97320619E+00   2.67337274E-01
    245  -6.24519321E+00  -5.97762663E+00   2.67566579E-01
    246  -6.24956944E+00  -5.98235382E+00   2.67215619E-01
    247  -6.25425569E+00  -5.98661019E+00   2.67645505E-01
    248  -6.25943831E+00  -5.98991286E+00   2.69525448E-01
    249  -6.26397904E+00  -5.99424654E+00   2.69732498E-01
    250  -6.26738267E+00  -5.99831613E+00   2.69066542E-01
    251  -6.27116117E+00  -6.00241499E+00   2.68746182E-01
    252  -6.27597283E+00  -6.00777672E+00   2.68196118E-01
    253  -6.27979953E+00  -6.01147381E+00   2.68325724E-01
    254  -6.28388988E+00  -6.01572024E+00   2.68169640E-01
    255  -6.28841654E+00  -6.02105467E+00   2.67361873E-01
    256  -6.29273652E+00  -6.02527114E+00   2.67465375E-01
    257  -6.29672380E+00  -6.02938500E+00   2.67338803E-01
    258  -6.30046158E+00  -6.03387493E+00   2.66586645E-01
    259  -6.30455061E+00  -6.03775606E+00   2.66794551E-01
    260  -6.30827764E+00  -6.04098351E+00   2.67294125E-01
    261  -6.31224022E+00  -6.04460595E+00   2.67634269E-01
    262  -6.31683984E+00  -6.04793865E+00   2.68901187E-01
    263  -6.32142466E+00  -6.05207672E+00   2.69347940E-01
    264  -6.32579802E+00  -6.05524754E+00   2.70550478E-01
    265  -6.32939568E+00  -6.05870221E+00   2.70693469E-01
    266  -6.33321955E+00  -6.06265933E+00   2.70560225E-01
    267  -6.33703584E+00  -6.06650388E+00   2.70531957E-01
    268  -6.34063307E+00  -6.06946600E+00   2.71167064E-01
    269  -6.34396475E+00  -6.07241749E+00   2.71547261E-01
    270  -6.34797011E+00  -6.07539885E+00   2.72571261E-01
    271  -6.35123390E+00  -6.07827726E+00   2.72956643E-01
    272  -6.35479510E+00  -6.08092799E+00   2.73867113E-01
    273  -6.35790880E+00  -6.08365291E+00   2.74255893E-01
    274  -6.36190327E+00  -6.08662084E+00   2.75282432E-01
    275  -6.36604709E+00  -6.08995434E+00   2.76092749E-01
    276  -6.36998092E+00  -6.09297444E+00   2.77006480E-01
    277  -6.37374253E+00  -6.09578107E+00   2.77961460E-01
    278  -6.37817699E+00  -6.09853786E+00   2.79639138E-01
    279  -6.38203334E+00  -6.10151229E+00   2.80521051E-01
    280  -6.38593094E+00  -6.10410865E+00   2.81822293E-01
    281  -6.38976467E+00  -6.10649089E+00   2.83273784E-01
    282  -6.39363507E+00  -6.10924524E+00   2.84389828E-01
    283  -6.39711786E+00  -6.11214520E+00   2.84972658E-01
    284  -6.40106469E+00  -6.11483252E+00   2.86232172E-01
    285  -6.40440053E+00  -6.11754769E+00   2.86852838E-01
    286  -6.40788743E+00  -6.12053114E+00   2.87356291E-01
    287  -6.41139780E+00  -6.12338058E+00   2.88017213E-01
    288  -6.41484872E+00  -6.12625171E+00   2.88597012E-01
    289  -6.41869539E+00  -6.12900422E+00   2.89691170E-01
    290  -6.42185202E+00  -6.13160269E+00   2.90249334E-01
    291  -6.42510360E+00  -6.13431884E+00   2.90784763E-01
    292  -6.42809852E+00  -6.13713604E+00   2.90962482E-01
    293  -6.43209681E+00  -6.13973137E+00   2.92365437E-01
    294  -6.43524014E+00  -6.14276104E+00   2.92479101E-01
    295  -6.43835015E+00  -6.14568663E+00   2.92663517E-01
    296  -6.44122051E+00  -6.14802178E+00   2.93198730E-01
    297  -6.44405759E+00  -6.15046849E+00   2.93589100E-01
    298  -6.44672896E+00  -6.15293726E+00   2.93791698E-01
    299  -6.44974328E+00  -6.15603297E+00   2.93710308E-01
    300  -6.45265772E+00  -6.15878150E+00   2.93876228E-01
# k =   0.500000   0.750000   0.500000 spin = 1
# <ib|Sigma_CH[1..Nb]|ib> (eV), partial and symmetrized sum with up to Nb "inner" bands
# Reporting only VBM and CBM, use 'full_ch_conv_log 1' keyword for full report.
# 1/N extrap for CH(vbm) CH(cbm) diff =  -7.46875573E+00  -6.92462665E+00   5.44129082E-01
# Error est. for CH(vbm) CH(cbm) diff =   9.60092869E-01   7.44840825E-01  -2.15252044E-01
#    Nb          CH(vbm)          CH(cbm)             diff
      1  -7.38318481E-04  -1.51905262E-03  -7.80734135E-04
      2  -1.46922553E-03  -3.02752415E-03  -1.55829862E-03
      3  -2.36113865E-03  -4.58961713E-03  -2.22847849E-03
      4  -3.24087157E-03  -6.13979288E-03  -2.89892131E-03
      5  -4.93296513E-02  -3.41432156E-02   1.51864357E-02
      6  -8.61277164E-02  -7.55808690E-02   1.05468475E-02
      7  -9.24106695E-02  -2.03416034E-01  -1.11005364E-01
      8  -9.85513459E-02  -3.09496267E-01  -2.10944921E-01
      9  -1.02371124E-01  -4.35387204E-01  -3.33016080E-01
     10  -1.09266814E-01  -5.60715149E-01  -4.51448335E-01
     11  -1.13234563E-01  -6.74955580E-01  -5.61721017E-01
     12  -1.21215332E-01  -7.94826895E-01  -6.73611563E-01
     13  -1.29683559E-01  -8.00118221E-01  -6.70434663E-01
     14  -1.39928387E-01  -8.05762664E-01  -6.65834278E-01
     15  -1.41413648E-01  -8.07048520E-01  -6.65634872E-01
     16  -1.42775930E-01  -8.08313695E-01  -6.65537765E-01
     17  -2.55501453E-01  -9.02434905E-01  -6.46933452E-01
     18  -3.62956742E-01  -1.00372119E+00  -6.40764452E-01
     19  -3.96010160E-01  -1.01308340E+00  -6.17073244E-01
     20  -4.33771320E-01  -1.02215337E+00  -5.88382046E-01
     21  -4.75759290E-01  -1.03549009E+00  -5.59730800E-01
     22  -5.34834629E-01  -1.05393914E+00  -5.19104514E-01
     23  -7.19637422E-01  -1.07992571E+00  -3.60288293E-01
     24  -9.67971089E-01  -1.10535862E+00  -1.37387535E-01
     25  -1.01272688E+00  -1.11089073E+00  -9.81638487E-02
     26  -1.03415872E+00  -1.11402899E+00  -7.98702786E-02
     27  -1.04242698E+00  -1.11614074E+00  -7.37137576E-02
     28  -1.04687792E+00  -1.11781429E+00  -7.09363670E-02
     29  -1.04877783E+00  -1.11933649E+00  -7.05586588E-02
     30  -1.05065335E+00  -1.12080234E+00  -7.01489884E-02
     31  -1.05225748E+00  -1.12339757E+00  -7.11400916E-02
     32  -1.05357850E+00  -1.12556823E+00  -7.19897315E-02
     33  -1.05533541E+00  -1.12829486E+00  -7.29594516E-02
     34  -1.05671996E+00  -1.13062155E+00  -7.39015883E-02
     35  -1.05975224E+00  -1.13208265E+00  -7.23304081E-02
     36  -1.06222765E+00  -1.13277260E+00  -7.05449526E-02
     37  -1.11193969E+00  -1.23599158E+00  -1.24051885E-01
     38  -1.13960843E+00  -1.29098688E+00  -1.51378449E-01
     39  -1.21153755E+00  -1.42705723E+00  -2.15519679E-01
     40  -1.34217637E+00  -1.64865801E+00  -3.06481644E-01
     41  -1.37874742E+00  -1.70977826E+00  -3.31030839E-01
     42  -1.39753387E+00  -1.73876978E+00  -3.41235906E-01
     43  -1.40091138E+00  -1.74194978E+00  -3.41038395E-01
     44  -1.40212933E+00  -1.74303715E+00  -3.40907820E-01
     45  -1.40480247E+00  -1.74566047E+00  -3.40857995E-01
     46  -1.40679489E+00  -1.74811799E+00  -3.41323104E-01
     47  -1.41542644E+00  -1.75121950E+00  -3.35793060E-01
     48  -1.42315230E+00  -1.75371908E+00  -3.30566778E-01
     49  -1.42765112E+00  -1.75575877E+00  -3.28107654E-01
     50  -1.43214453E+00  -1.75840906E+00  -3.26264531E-01
     51  -1.43749318E+00  -1.76016769E+00  -3.22674503E-01
     52  -1.44371372E+00  -1.76175692E+00  -3.18043201E-01
     53  -1.44830879E+00  -1.76268502E+00  -3.14376231E-01
     54  -1.45162249E+00  -1.76381969E+00  -3.12197206E-01
     55  -1.45811512E+00  -1.77218116E+00  -3.14066034E-01
     56  -1.46178204E+00  -1.77784056E+00  -3.16058514E-01
     57  -1.46606897E+00  -1.77950340E+00  -3.13434434E-01
     58  -1.46866910E+00  -1.78194463E+00  -3.13275530E-01
     59  -1.55585900E+00  -1.97973794E+00  -4.23878941E-01
     60  -1.65976402E+00  -2.00834990E+00  -3.48585877E-01
     61  -1.89378666E+00  -2.07358847E+00  -1.79801811E-01
     62  -2.15752972E+00  -2.11740475E+00   4.01249632E-02
     63  -2.21042084E+00  -2.17204184E+00   3.83789980E-02
     64  -2.23975309E+00  -2.22092008E+00   1.88330074E-02
     65  -2.25903093E+00  -2.23711826E+00   2.19126640E-02
     66  -2.27267365E+00  -2.25232702E+00   2.03466317E-02
     67  -2.28132516E+00  -2.29021458E+00  -8.88941493E-03
     68  -2.30503183E+00  -2.31404907E+00  -9.01723439E-03
     69  -2.32427680E+00  -2.32929773E+00  -5.02093426E-03
     70  -2.38120931E+00  -2.34607242E+00   3.51368978E-02
     71  -2.47309601E+00  -2.35830936E+00   1.14786654E-01
     72  -2.56047607E+00  -2.36984756E+00   1.90628509E-01
     73  -2.61139680E+00  -2.37491891E+00   2.36477889E-01
     74  -2.63798480E+00  -2.40153424E+00   2.36450561E-01
     75  -2.66302833E+00  -2.44695544E+00   2.16072885E-01
     76  -2.68593026E+00  -2.47659253E+00   2.09337729E-01
     77  -2.70878654E+00  -2.49187032E+00   2.16916223E-01
     78  -2.73891829E+00  -2.49925986E+00   2.39658435E-01
     79  -2.77145839E+00  -2.51430004E+00   2.57158350E-01
     80  -2.80075418E+00  -2.54482476E+00   2.55929416E-01
     81  -3.38435409E+00  -2.59714570E+00   7.87208391E-01
     82  -4.69779213E+00  -2.65846108E+00   2.03933104E+00
     83  -4.75349850E+00  -4.16213384E+00   5.91364654E-01
     84  -4.81670055E+00  -4.70434370E+00   1.12356852E-01
     85  -4.86962668E+00  -4.73401194E+00   1.35614745E-01
     86  -4.90841793E+00  -4.75448997E+00   1.53927962E-01
     87  -4.93661584E+00  -4.77649788E+00   1.60117959E-01
     88  -4.97436642E+00  -4.81064677E+00   1.63719649E-01
     89  -4.99852649E+00  -4.82441540E+00   1.74111089E-01
     90  -5.02351659E+00  -4.83849761E+00   1.85018978E-01
     91  -5.05052638E+00  -4.86284694E+00   1.87679445E-01
     92  -5.06705967E+00  -4.87587803E+00   1.91181635E-01
     93  -5.08425416E+00  -4.89199699E+00   1.92257171E-01
     94  -5.09986883E+00  -4.90579102E+00   1.94077812E-01
     95  -5.11552368E+00  -4.91729930E+00   1.98224374E-01
     96  -5.12992260E+00  -4.93305730E+00   1.96865304E-01
     97  -5.15019851E+00  -4.94295243E+00   2.07246078E-01
     98  -5.16842781E+00  -4.95357920E+00   2.14848607E-01
     99  -5.18039676E+00  -4.96058871E+00   2.19808047E-01
    100  -5.19356968E+00  -4.97114570E+00   2.22423984E-01
    101  -5.21210148E+00  -4.97998345E+00   2.32118028E-01
    102  -5.22434822E+00  -4.99058170E+00   2.33766522E-01
    103  -5.23633771E+00  -4.99853866E+00   2.37799045E-01
    104  -5.24968654E+00  -5.00685561E+00   2.42830938E-01
    105  -5.25988026E+00  -5.01507340E+00   2.44806862E-01
    106  -5.26986194E+00  -5.02288291E+00   2.46979022E-01
    107  -5.28372495E+00  -5.03246552E+00   2.51259424E-01
    108  -5.29699291E+00  -5.04056316E+00   2.56429755E-01
    109  -5.31217919E+00  -5.04629616E+00   2.65883029E-01
    110  -5.32894396E+00  -5.05308577E+00   2.75858190E-01
    111  -5.34428917E+00  -5.05927356E+00   2.85015611E-01
    112  -5.35478563E+00  -5.06662868E+00   2.88156945E-01
    113  -5.36344642E+00  -5.07291197E+00   2.90534453E-01
    114  -5.37201378E+00  -5.08080033E+00   2.91213450E-01
    115  -5.38102714E+00  -5.08814118E+00   2.92885960E-01
    116  -5.38925573E+00  -5.09524628E+00   2.94009451E-01
    117  -5.39718712E+00  -5.10343055E+00   2.93756577E-01
    118  -5.40540914E+00  -5.11197298E+00   2.93436157E-01
    119  -5.41324247E+00  -5.11879779E+00   2.94444679E-01
    120  -5.41994829E+00  -5.12799147E+00   2.91956822E-01
    121  -5.42721527E+00  -5.13579093E+00   2.91424334E-01
    122  -5.43269861E+00  -5.14140791E+00   2.91290698E-01
    123  -5.43756270E+00  -5.14815697E+00   2.89405736E-01
    124  -5.44315044E+00  -5.15354441E+00   2.89606034E-01
    125  -5.44671977E+00  -5.15903275E+00   2.87687020E-01
    126  -5.45287477E+00  -5.16472019E+00   2.88154577E-01
    127  -5.45768616E+00  -5.16983379E+00   2.87852369E-01
    128  -5.46575543E+00  -5.17720281E+00   2.88552619E-01
    129  -5.47147380E+00  -5.18461821E+00   2.86855599E-01
    130  -5.47765856E+00  -5.19030368E+00   2.87354882E-01
    131  -5.48491677E+00  -5.19949578E+00   2.85420995E-01
    132  -5.49082821E+00  -5.20809525E+00   2.82732952E-01
    133  -5.49860570E+00  -5.22809911E+00   2.70506594E-01
    134  -5.50641496E+00  -5.23760537E+00   2.68809593E-01
    135  -5.51344185E+00  -5.24485276E+00   2.68589095E-01
    136  -5.52161397E+00  -5.25597138E+00   2.65642582E-01
    137  -5.53003134E+00  -5.26458868E+00   2.65442659E-01
    138  -5.53892376E+00  -5.27764027E+00   2.61283494E-01
    139  -5.54736115E+00  -5.29071247E+00   2.56648682E-01
    140  -5.55722012E+00  -5.30182674E+00   2.55393380E-01
    141  -5.56768833E+00  -5.31322837E+00   2.54459956E-01
    142  -5.57588443E+00  -5.32242445E+00   2.53459979E-01
    143  -5.58525424E+00  -5.33656043E+00   2.48693811E-01
    144  -5.59480674E+00  -5.34858693E+00   2.46219807E-01
    145  -5.60279700E+00  -5.36238621E+00   2.40410784E-01
    146  -5.61151525E+00  -5.37360944E+00   2.37905809E-01
    147  -5.61887659E+00  -5.38388779E+00   2.34988807E-01
    148  -5.62575372E+00  -5.39765690E+00   2.28096817E-01
    149  -5.63396337E+00  -5.40735922E+00   2.26604153E-01
    150  -5.64144134E+00  -5.41421577E+00   2.27225572E-01
    151  -5.65031777E+00  -5.42233000E+00   2.27987767E-01
    152  -5.65890317E+00  -5.43364600E+00   2.25257170E-01
    153  -5.66758502E+00  -5.44467157E+00   2.22913449E-01
    154  -5.67594884E+00  -5.45622902E+00   2.19719824E-01
    155  -5.68423310E+00  -5.46546794E+00   2.18765165E-01
    156  -5.69313522E+00  -5.47336338E+00   2.19771835E-01
    157  -5.70230542E+00  -5.48349460E+00   2.18810817E-01
    158  -5.71022730E+00  -5.49065471E+00   2.19572587E-01
    159  -5.71834717E+00  -5.49935054E+00   2.18996628E-01
    160  -5.72931913E+00  -5.50931303E+00   2.20006094E-01
    161  -5.73641244E+00  -5.51874785E+00   2.17664593E-01
    162  -5.74439159E+00  -5.53234006E+00   2.12051527E-01
    163  -5.75279175E+00  -5.54126201E+00   2.11529734E-01
    164  -5.76081473E+00  -5.54856677E+00   2.12247958E-01
    165  -5.76840124E+00  -5.55547775E+00   2.12923489E-01
    166  -5.77650068E+00  -5.56420043E+00   2.12300243E-01
    167  -5.78396810E+00  -5.57295910E+00   2.11009005E-01
    168  -5.79115011E+00  -5.58080828E+00   2.10341830E-01
    169  -5.79941363E+00  -5.58773391E+00   2.11679724E-01
    170  -5.80660324E+00  -5.59423756E+00   2.12365674E-01
    171  -5.81527714E+00  -5.59931496E+00   2.15962174E-01
    172  -5.82343409E+00  -5.60795797E+00   2.15476118E-01
    173  -5.83076797E+00  -5.61453855E+00   2.16229424E-01
    174  -5.83879296E+00  -5.61994904E+00   2.18843926E-01
    175  -5.84641800E+00  -5.62771636E+00   2.18701640E-01
    176  -5.85491337E+00  -5.63493064E+00   2.19982724E-01
    177  -5.86273966E+00  -5.64123094E+00   2.21508717E-01
    178  -5.86918440E+00  -5.64766360E+00   2.21520800E-01
    179  -5.87664817E+00  -5.65403701E+00   2.22611166E-01
    180  -5.88316830E+00  -5.65923230E+00   2.23936005E-01
    181  -5.89162219E+00  -5.66725280E+00   2.24369398E-01
    182  -5.89937192E+00  -5.67397992E+00   2.25392003E-01
    183  -5.90647787E+00  -5.68215820E+00   2.24319676E-01
    184  -5.91383967E+00  -5.68745723E+00   2.26382438E-01
    185  -5.92245454E+00  -5.69384296E+00   2.28611574E-01
    186  -5.92934695E+00  -5.69959233E+00   2.29754625E-01
    187  -5.93630729E+00  -5.70515569E+00   2.31151592E-01
    188  -5.94281634E+00  -5.70990139E+00   2.32914947E-01
    189  -5.94997743E+00  -5.71577854E+00   2.34198887E-01
    190  -5.95774200E+00  -5.72298517E+00   2.34756827E-01
    191  -5.96479752E+00  -5.72945200E+00   2.35345525E-01
    192  -5.97304093E+00  -5.73466508E+00   2.38375854E-01
    193  -5.97982907E+00  -5.74076014E+00   2.39068930E-01
    194  -5.98825493E+00  -5.74765780E+00   2.40597137E-01
    195  -5.99517313E+00  -5.75276712E+00   2.42406018E-01
    196  -6.00324286E+00  -5.75817165E+00   2.45071212E-01
    197  -6.01082441E+00  -5.76414973E+00   2.46674676E-01
    198  -6.02109017E+00  -5.77144743E+00   2.49642741E-01
    199  -6.02939939E+00  -5.77728138E+00   2.52118017E-01
    200  -6.03631831E+00  -5.78265370E+00   2.53664607E-01
    201  -6.04492276E+00  -5.79021998E+00   2.54702787E-01
    202  -6.05396797E+00  -5.79672922E+00   2.57238751E-01
    203  -6.06234925E+00  -5.80486189E+00   2.57487366E-01
    204  -6.06905543E+00  -5.81031108E+00   2.58744348E-01
    205  -6.07579902E+00  -5.81597278E+00   2.59826239E-01
    206  -6.08446799E+00  -5.82193333E+00   2.62534661E-01
    207  -6.09052355E+00  -5.82642801E+00   2.64095541E-01
    208  -6.09673193E+00  -5.83180136E+00   2.64930568E-01
    209  -6.10341703E+00  -5.83776060E+00   2.65656430E-01
    210  -6.10921287E+00  -5.84211610E+00   2.67096774E-01
    211  -6.11505467E+00  -5.84689026E+00   2.68164407E-01
    212  -6.12205758E+00  -5.85260097E+00   2.69456616E-01
    213  -6.12780793E+00  -5.85709112E+00   2.70716811E-01
    214  -6.13392069E+00  -5.86250692E+00   2.71413764E-01
    215  -6.14015240E+00  -5.86646176E+00   2.73690642E-01
    216  -6.14616080E+00  -5.87103813E+00   2.75122665E-01
    217  -6.15379120E+00  -5.87617621E+00   2.77614991E-01
    218  -6.15988883E+00  -5.88140047E+00   2.78488362E-01
    219  -6.16605216E+00  -5.88605033E+00   2.80001824E-01
    220  -6.17106532E+00  -5.89056518E+00   2.80500141E-01
    221  -6.17652495E+00  -5.89528522E+00   2.81239735E-01
    222  -6.18148113E+00  -5.89913726E+00   2.82343868E-01
    223  -6.18725937E+00  -5.90384143E+00   2.83417943E-01
    224  -6.19298696E+00  -5.90849121E+00   2.84495757E-01
    225  -6.19839831E+00  -5.91303040E+00   2.85367911E-01
    226  -6.20369477E+00  -5.91697406E+00   2.86720714E-01
    227  -6.20960489E+00  -5.92134113E+00   2.88263754E-01
    228  -6.21460059E+00  -5.92629197E+00   2.88308619E-01
    229  -6.21952113E+00  -5.93057319E+00   2.88947944E-01
    230  -6.22471146E+00  -5.93550125E+00   2.89210216E-01
    231  -6.23046112E+00  -5.94011755E+00   2.90343561E-01
    232  -6.23493493E+00  -5.94392869E+00   2.91006235E-01
    233  -6.24079084E+00  -5.94843912E+00   2.92351723E-01
    234  -6.24577061E+00  -5.95304326E+00   2.92727353E-01
    235  -6.25075225E+00  -5.95686143E+00   2.93890819E-01
    236  -6.25590518E+00  -5.96110226E+00   2.94802919E-01
    237  -6.25976856E+00  -5.96534356E+00   2.94425002E-01
    238  -6.26484096E+00  -5.96935474E+00   2.95486214E-01
    239  -6.26927701E+00  -5.97362022E+00   2.95656794E-01
    240  -6.27467163E+00  -5.97766917E+00   2.97002463E-01
    241  -6.27906801E+00  -5.98134392E+00   2.97724091E-01
    242  -6.28318999E+00  -5.98538474E+00   2.97805252E-01
    243  -6.28767200E+00  -5.98997588E+00   2.97696114E-01
    244  -6.29343504E+00  -5.99445916E+00   2.98975873E-01
    245  -6.29811801E+00  -5.99938861E+00   2.98729401E-01
    246  -6.30276014E+00  -6.00430873E+00   2.98451409E-01
    247  -6.30750468E+00  -6.00846870E+00   2.99035978E-01
    248  -6.31254432E+00  -6.01156325E+00   3.00981064E-01
    249  -6.31693335E+00  -6.01600668E+00   3.00926671E-01
    250  -6.32042159E+00  -6.01982480E+00   3.00596785E-01
    251  -6.32421225E+00  -6.02372883E+00   3.00483427E-01
    252  -6.32899760E+00  -6.02872813E+00   3.00269475E-01
    253  -6.33293992E+00  -6.03251465E+00   3.00425267E-01
    254  -6.33705698E+00  -6.03674061E+00   3.00316371E-01
    255  -6.34157902E+00  -6.04198617E+00   2.99592849E-01
    256  -6.34604276E+00  -6.04621952E+00   2.99823241E-01
    257  -6.35007553E+00  -6.05049347E+00   2.99582059E-01
    258  -6.35377947E+00  -6.05471051E+00   2.99068961E-01
    259  -6.35797605E+00  -6.05847668E+00   2.99499371E-01
    260  -6.36181646E+00  -6.06164515E+00   3.00171316E-01
    261  -6.36571148E+00  -6.06550362E+00   3.00207864E-01
    262  -6.37032515E+00  -6.06864429E+00   3.01680858E-01
    263  -6.37503433E+00  -6.07277869E+00   3.02255641E-01
    264  -6.37949289E+00  -6.07587726E+00   3.03615625E-01
    265  -6.38316078E+00  -6.07964713E+00   3.03513649E-01
    266  -6.38707740E+00  -6.08383727E+00   3.03240133E-01
    267  -6.39100703E+00  -6.08779179E+00   3.03215235E-01
    268  -6.39456481E+00  -6.09116286E+00   3.03401947E-01
    269  -6.39792471E+00  -6.09410552E+00   3.03819193E-01
    270  -6.40198588E+00  -6.09702573E+00   3.04960145E-01
    271  -6.40525496E+00  -6.09985964E+00   3.05395325E-01
    272  -6.40877285E+00  -6.10249647E+00   3.06276382E-01
    273  -6.41192170E+00  -6.10528330E+00   3.06638395E-01
    274  -6.41589270E+00  -6.10825341E+00   3.07639289E-01
    275  -6.42019366E+00  -6.11158045E+00   3.08613208E-01
    276  -6.42410189E+00  -6.11467541E+00   3.09426474E-01
    277  -6.42791103E+00  -6.11730833E+00   3.10602698E-01
    278  -6.43244524E+00  -6.12015240E+00   3.12292848E-01
    279  -6.43637546E+00  -6.12307421E+00   3.13301249E-01
    280  -6.44022254E+00  -6.12571139E+00   3.14511154E-01
    281  -6.44407230E+00  -6.12800522E+00   3.16067086E-01
    282  -6.44819307E+00  -6.13068849E+00   3.17504580E-01
    283  -6.45164542E+00  -6.13350207E+00   3.18143350E-01
    284  -6.45566527E+00  -6.13634187E+00   3.19323391E-01
    285  -6.45898421E+00  -6.13893178E+00   3.20052426E-01
    286  -6.46258301E+00  -6.14186223E+00   3.20720780E-01
    287  -6.46620944E+00  -6.14473918E+00   3.21470257E-01
    288  -6.46968047E+00  -6.14756643E+00   3.22114037E-01
    289  -6.47360609E+00  -6.15016820E+00   3.23437895E-01
    290  -6.47680011E+00  -6.15287460E+00   3.23925506E-01
    291  -6.48020168E+00  -6.15566922E+00   3.24532465E-01
    292  -6.48334790E+00  -6.15842171E+00   3.24926197E-01
    293  -6.48749217E+00  -6.16096508E+00   3.26527089E-01
    294  -6.49078653E+00  -6.16392044E+00   3.26866086E-01
    295  -6.49390874E+00  -6.16673750E+00   3.27171241E-01
    296  -6.49688998E+00  -6.16907424E+00   3.27815746E-01
    297  -6.49978386E+00  -6.17141612E+00   3.28367737E-01
    298  -6.50256009E+00  -6.17394603E+00   3.28614053E-01
    299  -6.50573185E+00  -6.17701479E+00   3.28717056E-01
    300  -6.50866286E+00  -6.17978583E+00   3.28877039E-01
# k =   0.500000   0.750000   0.750000 spin = 1
# <ib|Sigma_CH[1..Nb]|ib> (eV), partial and symmetrized sum with up to Nb "inner" bands
# Reporting only VBM and CBM, use 'full_ch_conv_log 1' keyword for full report.
# 1/N extrap for CH(vbm) CH(cbm) diff =  -7.51882595E+00  -7.32360616E+00   1.95219781E-01
# Error est. for CH(vbm) CH(cbm) diff =   9.69326009E-01   8.51045717E-01  -1.18280291E-01
#    Nb          CH(vbm)          CH(cbm)             diff
      1  -8.79895914E-04  -7.55464902E-04   1.24431012E-04
      2  -1.80214926E-03  -1.48524736E-03   3.16901897E-04
      3  -2.78392371E-03  -2.15914096E-03   6.24782747E-04
      4  -3.81343064E-03  -2.83972418E-03   9.73706466E-04
      5  -5.78537280E-02  -3.79953214E-02   1.98584065E-02
      6  -1.02553846E-01  -8.23654416E-02   2.01884044E-02
      7  -1.07131880E-01  -1.99942354E-01  -9.28104735E-02
      8  -1.12460706E-01  -2.93980327E-01  -1.81519621E-01
      9  -1.15539817E-01  -4.21948932E-01  -3.06409114E-01
     10  -1.23923503E-01  -5.57372385E-01  -4.33448882E-01
     11  -1.27298206E-01  -6.67730293E-01  -5.40432087E-01
     12  -1.37533920E-01  -8.04251171E-01  -6.66717251E-01
     13  -1.48581368E-01  -8.07162855E-01  -6.58581487E-01
     14  -1.61099255E-01  -8.09789293E-01  -6.48690038E-01
     15  -1.62662171E-01  -8.10404174E-01  -6.47742003E-01
     16  -1.64090687E-01  -8.10995997E-01  -6.46905310E-01
     17  -2.88719417E-01  -9.30874722E-01  -6.42155305E-01
     18  -4.14454904E-01  -1.10145582E+00  -6.87000920E-01
     19  -4.43822781E-01  -1.10958043E+00  -6.65757652E-01
     20  -4.76840079E-01  -1.11774956E+00  -6.40909476E-01
     21  -5.16570338E-01  -1.13254225E+00  -6.15971911E-01
     22  -5.75852771E-01  -1.16013555E+00  -5.84282784E-01
     23  -7.58072592E-01  -1.18119767E+00  -4.23125074E-01
     24  -9.84911630E-01  -1.20071777E+00  -2.15806144E-01
     25  -1.02814379E+00  -1.20454094E+00  -1.76397154E-01
     26  -1.04886463E+00  -1.20666366E+00  -1.57799029E-01
     27  -1.05776319E+00  -1.20748586E+00  -1.49722669E-01
     28  -1.06296533E+00  -1.20801987E+00  -1.45054541E-01
     29  -1.06460787E+00  -1.20863731E+00  -1.44029433E-01
     30  -1.06621959E+00  -1.20922283E+00  -1.43003240E-01
     31  -1.06735030E+00  -1.21245943E+00  -1.45109127E-01
     32  -1.06826397E+00  -1.21537427E+00  -1.47110307E-01
     33  -1.06954797E+00  -1.21867399E+00  -1.49126011E-01
     34  -1.07056706E+00  -1.22165346E+00  -1.51086405E-01
     35  -1.07357965E+00  -1.22270791E+00  -1.49128260E-01
     36  -1.07599451E+00  -1.22320129E+00  -1.47206778E-01
     37  -1.12638223E+00  -1.31217615E+00  -1.85793918E-01
     38  -1.15473372E+00  -1.35921175E+00  -2.04478028E-01
     39  -1.22607093E+00  -1.47287288E+00  -2.46801950E-01
     40  -1.37211857E+00  -1.65484471E+00  -2.82726138E-01
     41  -1.41728964E+00  -1.69846722E+00  -2.81177581E-01
     42  -1.44127461E+00  -1.71892309E+00  -2.77648473E-01
     43  -1.44560580E+00  -1.72086012E+00  -2.75254318E-01
     44  -1.44768904E+00  -1.72127169E+00  -2.73582651E-01
     45  -1.45009690E+00  -1.72413363E+00  -2.74036729E-01
     46  -1.45205842E+00  -1.72688930E+00  -2.74830881E-01
     47  -1.45953262E+00  -1.72954095E+00  -2.70008330E-01
     48  -1.46650923E+00  -1.73155522E+00  -2.65045985E-01
     49  -1.47016034E+00  -1.73333548E+00  -2.63175131E-01
     50  -1.47353078E+00  -1.73576705E+00  -2.62236269E-01
     51  -1.47834076E+00  -1.73736343E+00  -2.59022667E-01
     52  -1.48372833E+00  -1.73890782E+00  -2.55179493E-01
     53  -1.48726110E+00  -1.73994422E+00  -2.52683123E-01
     54  -1.48919883E+00  -1.74155613E+00  -2.52357300E-01
     55  -1.49405131E+00  -1.75103604E+00  -2.56984730E-01
     56  -1.49693404E+00  -1.75756110E+00  -2.60627065E-01
     57  -1.50033725E+00  -1.75923811E+00  -2.58900868E-01
     58  -1.50232541E+00  -1.76198577E+00  -2.59660357E-01
     59  -1.58243241E+00  -2.02765849E+00  -4.45226079E-01
     60  -1.67676790E+00  -2.05139764E+00  -3.74629738E-01
     61  -1.91003766E+00  -2.08422979E+00  -1.74192131E-01
     62  -2.22095492E+00  -2.12174438E+00   9.92105337E-02
     63  -2.27157249E+00  -2.21611770E+00   5.54547868E-02
     64  -2.29903660E+00  -2.30791334E+00  -8.87674230E-03
     65  -2.31632650E+00  -2.32455692E+00  -8.23042204E-03
     66  -2.32906844E+00  -2.34236354E+00  -1.32950955E-02
     67  -2.33721596E+00  -2.39747006E+00  -6.02540996E-02
     68  -2.36033438E+00  -2.43782535E+00  -7.74909743E-02
     69  -2.37778754E+00  -2.45147282E+00  -7.36852873E-02
     70  -2.43147788E+00  -2.46521752E+00  -3.37396445E-02
     71  -2.51480260E+00  -2.47626607E+00   3.85365300E-02
     72  -2.59637369E+00  -2.48694320E+00   1.09430493E-01
     73  -2.64370420E+00  -2.49135656E+00   1.52347636E-01
     74  -2.66667141E+00  -2.51315579E+00   1.53515621E-01
     75  -2.68691502E+00  -2.55096899E+00   1.35946030E-01
     76  -2.70626164E+00  -2.57611319E+00   1.30148443E-01
     77  -2.72773276E+00  -2.58977073E+00   1.37962023E-01
     78  -2.75768593E+00  -2.63991868E+00   1.17767245E-01
     79  -2.78907603E+00  -2.79656453E+00  -7.48849818E-03
     80  -2.81356373E+00  -2.85260295E+00  -3.90392159E-02
     81  -3.34140034E+00  -2.90253891E+00   4.38861433E-01
     82  -4.72293197E+00  -2.94941807E+00   1.77351391E+00
     83  -4.77065979E+00  -4.57294934E+00   1.97710453E-01
     84  -4.82922048E+00  -5.01886123E+00  -1.89640754E-01
     85  -4.88164721E+00  -5.04946056E+00  -1.67813350E-01
     86  -4.92055248E+00  -5.06700461E+00  -1.46452129E-01
     87  -4.95198112E+00  -5.08409841E+00  -1.32117290E-01
     88  -4.99451799E+00  -5.11069820E+00  -1.16180206E-01
     89  -5.02218608E+00  -5.12180397E+00  -9.96178929E-02
     90  -5.04666245E+00  -5.13245076E+00  -8.57883105E-02
     91  -5.07875444E+00  -5.15703587E+00  -7.82814309E-02
     92  -5.09784923E+00  -5.16611194E+00  -6.82627164E-02
     93  -5.11497232E+00  -5.18165034E+00  -6.66780239E-02
     94  -5.13115437E+00  -5.19413611E+00  -6.29817435E-02
     95  -5.14740379E+00  -5.20258365E+00  -5.51798598E-02
     96  -5.16103873E+00  -5.21547446E+00  -5.44357279E-02
     97  -5.18195295E+00  -5.22358059E+00  -4.16276336E-02
     98  -5.20230078E+00  -5.23093867E+00  -2.86378882E-02
     99  -5.21534413E+00  -5.23602062E+00  -2.06764878E-02
    100  -5.22859749E+00  -5.24578830E+00  -1.71908059E-02
    101  -5.24727146E+00  -5.25374496E+00  -6.47350131E-03
    102  -5.26015227E+00  -5.26255736E+00  -2.40508969E-03
    103  -5.27256152E+00  -5.26888074E+00   3.68078051E-03
    104  -5.28617060E+00  -5.27591950E+00   1.02510990E-02
    105  -5.29661383E+00  -5.28317352E+00   1.34403102E-02
    106  -5.30686590E+00  -5.28947846E+00   1.73874410E-02
    107  -5.32013892E+00  -5.29787007E+00   2.22688560E-02
    108  -5.33304373E+00  -5.30548576E+00   2.75579656E-02
    109  -5.34883731E+00  -5.30980063E+00   3.90366867E-02
    110  -5.36601218E+00  -5.31560696E+00   5.04052207E-02
    111  -5.38138747E+00  -5.32091754E+00   6.04699351E-02
    112  -5.39151495E+00  -5.32812404E+00   6.33909103E-02
    113  -5.40015476E+00  -5.33331060E+00   6.68441588E-02
    114  -5.40880161E+00  -5.34002355E+00   6.87780606E-02
    115  -5.41762361E+00  -5.34604890E+00   7.15747081E-02
    116  -5.42558608E+00  -5.35246599E+00   7.31200938E-02
    117  -5.43310260E+00  -5.35921030E+00   7.38923046E-02
    118  -5.44099437E+00  -5.36584913E+00   7.51452468E-02
    119  -5.44886281E+00  -5.37051906E+00   7.83437557E-02
    120  -5.45544097E+00  -5.37849987E+00   7.69411072E-02
    121  -5.46276072E+00  -5.38427452E+00   7.84862059E-02
    122  -5.46819716E+00  -5.38882133E+00   7.93758272E-02
    123  -5.47266882E+00  -5.39489582E+00   7.77729977E-02
    124  -5.47821737E+00  -5.39898895E+00   7.92284152E-02
    125  -5.48167692E+00  -5.40393022E+00   7.77467009E-02
    126  -5.48822096E+00  -5.40832531E+00   7.98956462E-02
    127  -5.49288558E+00  -5.41292596E+00   7.99596208E-02
    128  -5.50138452E+00  -5.41802400E+00   8.33605140E-02
    129  -5.50703615E+00  -5.42374874E+00   8.32874103E-02
    130  -5.51330731E+00  -5.42771031E+00   8.55970018E-02
    131  -5.52086924E+00  -5.43379821E+00   8.70710285E-02
    132  -5.52680265E+00  -5.43919083E+00   8.76118251E-02
    133  -5.53485990E+00  -5.44644846E+00   8.84114429E-02
    134  -5.54273973E+00  -5.45216979E+00   9.05699339E-02
    135  -5.55004175E+00  -5.45819496E+00   9.18467917E-02
    136  -5.55869363E+00  -5.46593280E+00   9.27608304E-02
    137  -5.56753983E+00  -5.47214680E+00   9.53930267E-02
    138  -5.57702232E+00  -5.48181379E+00   9.52085288E-02
    139  -5.58601177E+00  -5.49198401E+00   9.40277655E-02
    140  -5.59585591E+00  -5.50171897E+00   9.41369474E-02
    141  -5.60674026E+00  -5.51317488E+00   9.35653789E-02
    142  -5.61532539E+00  -5.52118859E+00   9.41367948E-02
    143  -5.62486912E+00  -5.53677297E+00   8.80961554E-02
    144  -5.63447845E+00  -5.54802507E+00   8.64533832E-02
    145  -5.64260747E+00  -5.56379364E+00   7.88138275E-02
    146  -5.65175885E+00  -5.57546215E+00   7.62966964E-02
    147  -5.65915648E+00  -5.58612331E+00   7.30331678E-02
    148  -5.66598612E+00  -5.60150680E+00   6.44793280E-02
    149  -5.67420194E+00  -5.61189680E+00   6.23051344E-02
    150  -5.68193434E+00  -5.61989397E+00   6.20403716E-02
    151  -5.69000190E+00  -5.62865488E+00   6.13470169E-02
    152  -5.69868348E+00  -5.64449803E+00   5.41854427E-02
    153  -5.70660319E+00  -5.65708841E+00   4.95147877E-02
    154  -5.71469201E+00  -5.67060191E+00   4.40900953E-02
    155  -5.72299146E+00  -5.68334396E+00   3.96474936E-02
    156  -5.73166615E+00  -5.69188209E+00   3.97840580E-02
    157  -5.74118065E+00  -5.70375838E+00   3.74222744E-02
    158  -5.74914163E+00  -5.71136882E+00   3.77728111E-02
    159  -5.75748342E+00  -5.71960537E+00   3.78780438E-02
    160  -5.76914222E+00  -5.73084755E+00   3.82946719E-02
    161  -5.77656736E+00  -5.74225014E+00   3.43172200E-02
    162  -5.78502625E+00  -5.75925391E+00   2.57723384E-02
    163  -5.79365142E+00  -5.76958200E+00   2.40694233E-02
    164  -5.80167824E+00  -5.77751527E+00   2.41629697E-02
    165  -5.80922706E+00  -5.78558406E+00   2.36429992E-02
    166  -5.81764749E+00  -5.79533462E+00   2.23128686E-02
    167  -5.82499134E+00  -5.80545298E+00   1.95383546E-02
    168  -5.83197672E+00  -5.81365938E+00   1.83173429E-02
    169  -5.84017562E+00  -5.82001194E+00   2.01636774E-02
    170  -5.84717904E+00  -5.82580433E+00   2.13747097E-02
    171  -5.85569363E+00  -5.83134246E+00   2.43511696E-02
    172  -5.86372722E+00  -5.83959080E+00   2.41364228E-02
    173  -5.87097587E+00  -5.84726385E+00   2.37120253E-02
    174  -5.87874258E+00  -5.85340576E+00   2.53368232E-02
    175  -5.88628496E+00  -5.86130266E+00   2.49822994E-02
    176  -5.89446078E+00  -5.86855931E+00   2.59014655E-02
    177  -5.90210750E+00  -5.87572834E+00   2.63791635E-02
    178  -5.90842598E+00  -5.88245861E+00   2.59673667E-02
    179  -5.91566236E+00  -5.89023664E+00   2.54257180E-02
    180  -5.92203887E+00  -5.89579495E+00   2.62439200E-02
    181  -5.93017861E+00  -5.90461197E+00   2.55666428E-02
    182  -5.93783831E+00  -5.91149460E+00   2.63437184E-02
    183  -5.94470373E+00  -5.92015045E+00   2.45532819E-02
    184  -5.95186797E+00  -5.92611319E+00   2.57547777E-02
    185  -5.96048233E+00  -5.93311222E+00   2.73701110E-02
    186  -5.96732587E+00  -5.93833168E+00   2.89941854E-02
    187  -5.97414773E+00  -5.94524076E+00   2.89069698E-02
    188  -5.98058819E+00  -5.95020055E+00   3.03876383E-02
    189  -5.98775258E+00  -5.95658137E+00   3.11712072E-02
    190  -5.99552123E+00  -5.96447776E+00   3.10434657E-02
    191  -6.00249156E+00  -5.97214056E+00   3.03510036E-02
    192  -6.01059118E+00  -5.97837038E+00   3.22208081E-02
    193  -6.01742330E+00  -5.98551979E+00   3.19035135E-02
    194  -6.02604363E+00  -5.99455152E+00   3.14921086E-02
    195  -6.03281193E+00  -6.00116722E+00   3.16447123E-02
    196  -6.04077136E+00  -6.00790989E+00   3.28614638E-02
    197  -6.04826820E+00  -6.01475110E+00   3.35170978E-02
    198  -6.05854660E+00  -6.02310730E+00   3.54393024E-02
    199  -6.06700162E+00  -6.02961582E+00   3.73858002E-02
    200  -6.07380166E+00  -6.03605206E+00   3.77496052E-02
    201  -6.08251883E+00  -6.04557174E+00   3.69470859E-02
    202  -6.09165217E+00  -6.05360207E+00   3.80501006E-02
    203  -6.10012838E+00  -6.06329339E+00   3.68349830E-02
    204  -6.10712773E+00  -6.06929563E+00   3.78320941E-02
    205  -6.11385318E+00  -6.07647613E+00   3.73770487E-02
    206  -6.12279796E+00  -6.08353000E+00   3.92679641E-02
    207  -6.12887456E+00  -6.08832972E+00   4.05448407E-02
    208  -6.13511121E+00  -6.09536503E+00   3.97461799E-02
    209  -6.14194590E+00  -6.10286732E+00   3.90785829E-02
    210  -6.14780303E+00  -6.10721135E+00   4.05916783E-02
    211  -6.15364958E+00  -6.11225179E+00   4.13977845E-02
    212  -6.16077150E+00  -6.11855600E+00   4.22154929E-02
    213  -6.16652583E+00  -6.12295761E+00   4.35682147E-02
    214  -6.17271510E+00  -6.12917061E+00   4.35444861E-02
    215  -6.17903664E+00  -6.13301063E+00   4.60260137E-02
    216  -6.18518691E+00  -6.13793693E+00   4.72499834E-02
    217  -6.19267418E+00  -6.14336285E+00   4.93113294E-02
    218  -6.19879160E+00  -6.14829744E+00   5.04941622E-02
    219  -6.20494199E+00  -6.15352880E+00   5.14131938E-02
    220  -6.20988010E+00  -6.15796789E+00   5.19122125E-02
    221  -6.21547875E+00  -6.16268907E+00   5.27896797E-02
    222  -6.22043072E+00  -6.16653496E+00   5.38957659E-02
    223  -6.22617489E+00  -6.17164964E+00   5.45252509E-02
    224  -6.23196657E+00  -6.17652994E+00   5.54366327E-02
    225  -6.23738994E+00  -6.18118993E+00   5.62000089E-02
    226  -6.24269968E+00  -6.18554523E+00   5.71544430E-02
    227  -6.24868996E+00  -6.19023298E+00   5.84569793E-02
    228  -6.25366974E+00  -6.19513898E+00   5.85307561E-02
    229  -6.25861187E+00  -6.19958398E+00   5.90278936E-02
    230  -6.26386284E+00  -6.20511408E+00   5.87487533E-02
    231  -6.26973391E+00  -6.20997273E+00   5.97611785E-02
    232  -6.27419908E+00  -6.21379357E+00   6.04055070E-02
    233  -6.28019382E+00  -6.21847168E+00   6.17221388E-02
    234  -6.28518916E+00  -6.22303028E+00   6.21588728E-02
    235  -6.29009019E+00  -6.22720301E+00   6.28871809E-02
    236  -6.29521698E+00  -6.23189548E+00   6.33214980E-02
    237  -6.29916054E+00  -6.23621921E+00   6.29413256E-02
    238  -6.30430320E+00  -6.24018367E+00   6.41195288E-02
    239  -6.30880140E+00  -6.24482853E+00   6.39728670E-02
    240  -6.31414203E+00  -6.24898080E+00   6.51612284E-02
    241  -6.31849398E+00  -6.25282797E+00   6.56660150E-02
    242  -6.32261717E+00  -6.25735215E+00   6.52650229E-02
    243  -6.32712642E+00  -6.26192381E+00   6.52026093E-02
    244  -6.33292449E+00  -6.26650987E+00   6.64146192E-02
    245  -6.33771730E+00  -6.27289802E+00   6.48192721E-02
    246  -6.34244123E+00  -6.27827910E+00   6.41621253E-02
    247  -6.34720002E+00  -6.28251992E+00   6.46801067E-02
    248  -6.35214149E+00  -6.28563815E+00   6.65033410E-02
    249  -6.35642311E+00  -6.29046258E+00   6.59605285E-02
    250  -6.35992203E+00  -6.29466218E+00   6.52598529E-02
    251  -6.36368556E+00  -6.29901969E+00   6.46658760E-02
    252  -6.36847214E+00  -6.30428553E+00   6.41866129E-02
    253  -6.37241861E+00  -6.30815761E+00   6.42610007E-02
    254  -6.37656968E+00  -6.31261412E+00   6.39555645E-02
    255  -6.38113142E+00  -6.31835080E+00   6.27806228E-02
    256  -6.38557577E+00  -6.32311324E+00   6.24625341E-02
    257  -6.38967388E+00  -6.32760211E+00   6.20717753E-02
    258  -6.39336301E+00  -6.33223989E+00   6.11231154E-02
    259  -6.39760857E+00  -6.33614098E+00   6.14675893E-02
    260  -6.40145543E+00  -6.33921917E+00   6.22362582E-02
    261  -6.40535935E+00  -6.34310926E+00   6.22500974E-02
    262  -6.40999371E+00  -6.34618701E+00   6.38067000E-02
    263  -6.41476446E+00  -6.35065655E+00   6.41079042E-02
    264  -6.41926042E+00  -6.35401146E+00   6.52489601E-02
    265  -6.42291506E+00  -6.35831977E+00   6.45952936E-02
    266  -6.42686137E+00  -6.36302454E+00   6.38368338E-02
    267  -6.43080104E+00  -6.36744677E+00   6.33542681E-02
    268  -6.43432826E+00  -6.37152328E+00   6.28049814E-02
    269  -6.43771169E+00  -6.37487501E+00   6.28366799E-02
    270  -6.44179705E+00  -6.37799981E+00   6.37972355E-02
    271  -6.44506917E+00  -6.38125466E+00   6.38145120E-02
    272  -6.44854774E+00  -6.38437049E+00   6.41772460E-02
    273  -6.45171158E+00  -6.38739139E+00   6.43201929E-02
    274  -6.45569045E+00  -6.39082743E+00   6.48630197E-02
    275  -6.46004399E+00  -6.39468392E+00   6.53600794E-02
    276  -6.46395035E+00  -6.39831386E+00   6.56364871E-02
    277  -6.46775404E+00  -6.40125321E+00   6.65008320E-02
    278  -6.47234238E+00  -6.40463481E+00   6.77075661E-02
    279  -6.47629957E+00  -6.40777527E+00   6.85243007E-02
    280  -6.48009983E+00  -6.41061828E+00   6.94815434E-02
    281  -6.48397722E+00  -6.41327680E+00   7.07004186E-02
    282  -6.48816060E+00  -6.41648888E+00   7.16717226E-02
    283  -6.49163395E+00  -6.41955535E+00   7.20786020E-02
    284  -6.49565098E+00  -6.42259607E+00   7.30549066E-02
    285  -6.49900226E+00  -6.42555054E+00   7.34517211E-02
    286  -6.50267752E+00  -6.42877137E+00   7.39061476E-02
    287  -6.50633944E+00  -6.43189159E+00   7.44478501E-02
    288  -6.50983255E+00  -6.43508303E+00   7.47495196E-02
    289  -6.51384635E+00  -6.43802639E+00   7.58199616E-02
    290  -6.51707826E+00  -6.44157945E+00   7.54988098E-02
    291  -6.52056505E+00  -6.44479212E+00   7.57729288E-02
    292  -6.52377197E+00  -6.44804040E+00   7.57315630E-02
    293  -6.52800165E+00  -6.45104815E+00   7.69535033E-02
    294  -6.53133750E+00  -6.45432734E+00   7.70101557E-02
    295  -6.53450989E+00  -6.45751989E+00   7.69899960E-02
    296  -6.53752839E+00  -6.46022711E+00   7.73012863E-02
    297  -6.54045675E+00  -6.46269390E+00   7.77628405E-02
    298  -6.54327090E+00  -6.46560870E+00   7.76621968E-02
    299  -6.54654321E+00  -6.46958192E+00   7.69612944E-02
    300  -6.54949994E+00  -6.47256045E+00   7.69394901E-02
